  -3.4771086e-02  -1.4490973e+00  -3.0310762e-01  -8.7572935e-01  -9.4796092e-01   2.3234701e-01   1.0060771e+00   1.0204980e+00  -1.4720146e-01  -2.5394468e-01
  -7.9816358e-01   3.3351083e-01   2.3045624e-02  -4.8381505e-01  -7.4110609e-01   4.2638756e-01  -6.5090774e-01   8.6171630e-01   1.0077734e+00  -1.4286469e+00
   1.0186853e+00   3.9135360e-01   5.1290356e-02  -7.1200455e-01  -5.0781755e-01  -3.7280874e-01   2.5705616e-01   1.1620835e-03  -2.1236555e+00  -2.0857618e-02
  -1.3321748e-01   4.5167942e-01   8.2606279e-01  -1.1742123e+00  -3.2057551e-01  -2.3645458e-01  -9.4437781e-01  -7.0837213e-02  -5.0458641e-01  -5.6066500e-01
  -7.1453016e-01  -1.3028465e-01   1.5269767e+00  -1.9223952e-01   1.2469041e-02   2.0236909e+00  -1.3217885e+00  -2.4862839e+00  -1.2705944e+00   2.1777787e+00
   1.3513858e+00   1.8368910e-01   4.6691444e-01  -2.7407023e-01  -3.0291773e+00  -2.2583540e+00   9.2482593e-01   5.8117232e-01  -3.8258480e-01   1.1384654e+00
  -2.2477106e-01  -4.7615302e-01  -2.0971334e-01   1.5300725e+00  -4.5701464e-01   2.2294457e+00   4.9849075e-05  -2.1924349e+00   6.4867926e-01  -2.4968865e+00
  -5.8902903e-01   8.6202161e-01   6.2519036e-01  -2.4902474e-01   1.2424484e+00   3.3756370e-01  -5.4918915e-02  -2.3192803e+00   8.2572715e-01   4.4132693e-01
  -2.9375360e-01  -1.3616945e+00   1.8322726e-01  -1.0642134e+00  -1.0667014e+00   1.0000608e+00   9.1112727e-01   7.9933710e-02  -1.0149436e+00  -1.3981379e+00
  -8.4792624e-01   4.5502956e-01  -1.0297675e+00   1.6034573e+00   9.3372816e-01  -1.6641645e+00   5.9458370e-01  -9.4848098e-01  -4.7106991e-01  -2.5505518e-01
  -1.1201283e+00  -8.4870938e-01   9.4922183e-01   1.2346791e+00   3.5032100e-01  -5.9003456e-01   3.5020117e-01   4.1149062e-01   1.3702487e-01   1.6440407e-01
   2.5259997e+00  -3.3488694e-01   3.0706192e-01  -2.2962645e-01  -2.9005764e-02  -2.7806416e-01   1.2502512e+00   6.7697781e-01  -2.9186338e-01   7.4773403e-01
   1.6554976e+00   5.5278335e-01   1.3517494e-01  -1.5061597e+00   1.8245217e-01   4.2271569e-01   9.2978946e-01   8.5773255e-01   3.0181856e-01  -2.7304695e-01
   3.0753516e-01   1.0390907e+00   5.1524634e-01  -4.4462782e-01  -1.5650560e+00  -1.6702007e+00   2.3976326e-01  -6.9115913e-01   3.9993094e-01   1.5763001e+00
  -1.2571184e+00  -1.1176387e+00   2.6140632e-01  -1.5594104e-01  -8.4539480e-02   4.7163433e-01  -6.9036110e-01   4.4937762e-01  -9.2996156e-01  -4.8093715e-01
  -8.6546803e-01   1.2606587e+00  -9.4148577e-01   2.7606825e-01   1.6039464e+00  -1.2128472e+00  -6.5155364e-01   1.0063335e-01  -1.7683027e-01   3.2751212e-01
  -1.7653411e-01   6.6014314e-01  -1.6233767e-01  -2.6116365e-01   9.8347775e-02   6.6190048e-02   1.1921019e+00   8.2607000e-01  -2.1320946e+00   6.6473412e-01
   7.9141606e-01  -6.7865554e-02  -1.4605463e-01   4.4342191e-01   4.1373613e-02   6.5235589e-01  -1.6118304e+00   5.3615708e-01   1.1453617e+00   8.5188593e-02
  -1.3320044e+00  -1.9522120e-01  -5.3201138e-01   3.9189421e-01  -7.3416911e-01   3.2705997e-01  -2.4461937e-02   8.9788843e-01  -6.2909076e-01   8.8095279e-01
  -2.3298672e+00  -2.1760635e-01   1.6821036e+00  -1.2506789e+00  -3.0813730e-02   1.0826335e+00  -1.9488472e+00  -1.3193787e-01  -1.2038500e+00   3.2321314e-01
